1607481866.187753 -0.0000000 0.0000000 -0.0000000 0.0000000 0.0000000 0.0000000 1.0000000
1607481867.411669 0.9686667 0.0073117 0.2255489 0.0001636 -0.0083290 -0.0026342 0.9999618
1607481867.428435 0.9861838 0.0022880 0.2300139 -0.0008913 -0.0087251 -0.0028448 0.9999575
1607481867.931414 1.5611844 -0.0307791 0.1424179 0.0122771 -0.0188020 -0.0078996 0.9997166
1607481868.233201 2.0171472 -0.0218833 0.0551265 0.0068600 -0.0170587 -0.0147522 0.9997221
1607481868.738421 2.5406459 0.0140023 -0.0726331 0.0047482 -0.0112098 -0.0230324 0.9996606
1607481869.247664 2.8225535 0.0296018 -0.1157691 0.0053989 -0.0155581 -0.0305861 0.9993965
1607481869.754480 3.1670769 0.0572460 0.0743646 0.0008771 -0.0013975 -0.0305291 0.9995325
1607481870.173105 3.4727290 -0.0092423 0.2244518 0.0065648 -0.0050877 -0.0298354 0.9995203
1607481870.675421 3.7836055 -0.0105390 0.3891387 -0.0007011 -0.0105202 -0.0277625 0.9995589
1607481871.161013 4.0336535 -0.0146640 0.4836839 0.0004810 0.0069458 -0.0198963 0.9997778
1607481871.663569 4.4269091 -0.0348525 0.3964172 -0.0042238 0.0056153 -0.0202404 0.9997705
1607481872.032805 4.8365508 -0.0284168 0.2468499 -0.0098749 -0.0024140 -0.0263525 0.9996010
1607481872.536334 5.2652409 -0.0461457 0.1862030 -0.0036569 0.0086474 -0.0261945 0.9996128
1607481873.038757 5.5709539 -0.0554733 0.0356901 0.0080086 0.0051237 -0.0276265 0.9995731
1607481873.540922 5.7114308 -0.0330572 -0.0180856 -0.0010478 -0.0053972 -0.0207402 0.9997698
1607481873.942719 5.9288673 -0.0510123 0.1183668 0.0006028 -0.0005855 -0.0276206 0.9996181
1607481874.444899 6.2943353 -0.0825678 0.2683393 0.0020862 0.0117483 -0.0185755 0.9997563
1607481874.947124 6.5772400 -0.0586952 0.4039072 0.0048915 -0.0032414 -0.0257101 0.9996522
1607481875.449324 6.9311447 -0.0847894 0.4263890 -0.0023101 0.0036515 -0.0259813 0.9996531
1607481875.951562 7.4344864 -0.1308273 0.2456252 0.0045636 -0.0196268 -0.0337714 0.9992264
1607481876.236158 7.7042248 -0.1417866 0.1786153 0.0038899 -0.0247256 -0.0309561 0.9992073
1607481876.738364 8.1233831 -0.1390903 0.1261856 0.0049524 -0.0119211 -0.0315534 0.9994187
1607481877.056453 8.3114705 -0.1227963 0.0182598 0.0019979 -0.0169659 -0.0326563 0.9993206
1607481877.558626 8.5013906 -0.1011479 -0.0339967 0.0004353 -0.0129222 -0.0258637 0.9995819
1607481878.065830 8.6935040 -0.1363558 0.0399987 -0.0015511 0.0050259 -0.0294504 0.9995524
1607481878.218377 8.7352725 -0.1545954 0.0991742 -0.0027858 0.0093146 -0.0237457 0.9996708
1607481878.726252 8.8170909 -0.1616478 0.3573440 -0.0081286 0.0283001 -0.0221834 0.9993202
1607481879.227878 8.8097480 -0.1744229 0.5390420 -0.0072450 0.0507781 -0.0237736 0.9984007
1607481879.729392 8.8900457 -0.1572817 0.4076618 -0.0075628 0.0635440 -0.0231719 0.9976813
1607481879.863169 8.9696151 -0.1693102 0.2648262 -0.0052555 0.0652212 -0.0239978 0.9975684
1607481880.214279 9.0814475 -0.1992878 -0.0658708 -0.0043508 0.0720219 -0.0293946 0.9969603
1607481880.715814 9.3305423 -0.0733420 -0.2675113 -0.0231681 0.0616104 -0.0387379 0.9970791
1607481881.217470 9.4992713 -0.0743121 -0.3420398 -0.0269102 0.0451218 -0.0367176 0.9979437
1607481881.719005 9.5530156 -0.0476852 -0.0503385 -0.0344000 0.0664218 -0.0409286 0.9963582
1607481882.220650 9.5459034 -0.0153622 0.1621545 -0.0289050 0.0765624 -0.0444101 0.9956558
1607481882.722189 9.7332384 -0.1010792 0.1069525 -0.0052933 0.0783650 -0.0203604 0.9967027
1607481882.973038 9.9103756 -0.0568825 -0.0519672 -0.0078108 0.0828877 -0.0211523 0.9963038
1607481883.274002 10.1524138 -0.0696734 -0.3283200 -0.0110231 0.0914823 -0.0256481 0.9954153
1607481883.775559 10.4707423 0.0047653 -0.7946007 -0.0183726 0.0957578 -0.0276776 0.9948502
1607481884.277188 10.6744720 0.1652898 -1.1283157 -0.0361429 0.1095437 -0.0134325 0.9932338
1607481884.779590 10.6458882 0.2007445 -1.2324323 -0.0407041 0.1310129 -0.0004595 0.9905446
1607481885.284868 10.4929755 0.2631646 -1.0363439 -0.0523987 0.1630491 0.0213043 0.9849952
1607481885.520826 10.4952355 0.2468358 -1.0237082 -0.0431399 0.1762197 0.0298164 0.9829530
1607481886.023947 10.6656882 0.2771033 -1.3042130 -0.0441658 0.2255702 0.0356453 0.9725723
1607481886.224851 10.6922549 0.3035402 -1.5485203 -0.0451821 0.2452090 0.0398582 0.9675962
1607481886.727093 10.6600124 0.5681359 -2.1699537 -0.0685326 0.2624350 0.0561395 0.9608743
1607481887.229341 10.6224143 0.7217401 -2.5308874 -0.0736923 0.2901744 0.0569138 0.9524332
1607481887.714865 10.7005166 0.8456255 -2.4986391 -0.0779289 0.3453007 0.0788911 0.9319177
1607481888.217799 10.6495606 1.0323314 -2.5501342 -0.0825528 0.4081334 0.0697611 0.9065018
1607481888.720672 10.7979995 1.2641816 -2.7414365 -0.0999994 0.4433415 0.0967108 0.8854917
1607481889.223043 11.0763360 1.2335521 -3.2147355 -0.0751358 0.4679523 0.0623414 0.8783443
1607481889.725374 11.1713956 1.3067753 -3.6753501 -0.0799080 0.4879044 0.0796828 0.8655719
1607481890.227726 11.1822117 1.3824706 -3.8888431 -0.0835721 0.5022984 0.0955853 0.8553219
1607481890.730065 11.2870376 1.3470741 -3.9729407 -0.0753147 0.5414832 0.0988773 0.8314727
1607481891.234079 11.3646968 1.3464120 -4.2462845 -0.0694477 0.5620978 0.1047910 0.8174606
1607481891.738400 11.4252693 1.4054237 -4.8738261 -0.0769274 0.5758894 0.1027706 0.8073858
1607481892.245769 11.4144629 1.5640525 -5.4688343 -0.0806242 0.6020440 0.1097043 0.7867705
1607481892.754463 11.1767896 1.5579700 -5.9849296 -0.0760514 0.5942042 0.0916704 0.7954458
1607481893.257486 11.1134879 1.5783060 -6.3069758 -0.0871865 0.6053498 0.0803751 0.7870769
1607481893.758921 11.0989474 1.5453461 -6.3468985 -0.0890119 0.6302290 0.0820777 0.7669104
1607481894.263183 11.0728007 1.5525173 -6.4625519 -0.0914379 0.6450468 0.0981810 0.7522727
1607481894.583237 11.0714539 1.5447927 -6.8225701 -0.0963308 0.6401525 0.0807510 0.7578947
1607481895.087267 11.0071167 1.5559018 -7.6659894 -0.0918153 0.6457319 0.0816355 0.7536152
1607481895.539208 10.8876809 1.5701097 -8.3214683 -0.0911758 0.6515542 0.0685619 0.7499756
1607481896.041374 10.7935374 1.6746446 -8.5794394 -0.0945175 0.6694959 0.0842687 0.7319429
1607481896.543531 10.8049891 1.7647238 -8.6405849 -0.0828624 0.6953154 0.0937498 0.7077297
1607481897.045675 10.7604346 1.8363325 -8.8349957 -0.0679641 0.6995687 0.1008970 0.7041337
1607481897.547843 10.5502970 1.8037020 -9.4256622 -0.0750420 0.6745816 0.0778408 0.7302391
1607481897.865838 10.5394551 1.8463125 -9.8588768 -0.0807874 0.6695607 0.0849057 0.7334527
1607481898.368028 10.5385747 1.8158909 -10.3614490 -0.0700384 0.6619369 0.0872996 0.7411565
1607481898.870135 10.5008057 1.7913146 -10.7861863 -0.0778256 0.6551622 0.0928304 0.7457132
1607481899.355842 10.7208901 1.7503027 -11.0561616 -0.0802287 0.6717780 0.0948872 0.7302562
1607481899.858243 10.9569528 1.6637369 -11.2063717 -0.0695951 0.6964961 0.0964935 0.7076289
1607481900.360415 10.9186816 1.7206038 -11.5195802 -0.0706387 0.6871000 0.1095813 0.7147697
1607481900.862489 10.6875060 1.7968327 -12.1751844 -0.0842841 0.6761097 0.1070967 0.7240871
1607481900.996412 10.6425332 1.8294070 -12.3435424 -0.0878199 0.6766320 0.1077952 0.7230747
1607481901.498560 10.4892705 1.7341496 -12.9474808 -0.0811811 0.6775540 0.1061280 0.7232338
1607481901.649185 10.4372785 1.7330217 -13.0763004 -0.0833990 0.6794719 0.0994486 0.7221305
1607481902.151312 10.4315511 1.7387598 -13.1874707 -0.0816891 0.6951025 0.1047119 0.7065372
1607481902.435850 10.4873897 1.7352449 -13.1962158 -0.0798068 0.7099067 0.1122792 0.6906929
1607481902.937931 10.4328146 1.7215529 -13.3235008 -0.0558007 0.7361499 0.1188735 0.6639568
1607481903.406612 10.2322746 1.7760299 -13.6559852 -0.0575833 0.7297380 0.1302320 0.6687348
1607481903.791535 9.9786971 1.8587419 -14.0473067 -0.0661352 0.7361736 0.1350925 0.6598671
1607481904.293685 9.6614019 1.8002405 -14.4599621 -0.0697315 0.7359918 0.1301785 0.6606869
1607481904.795757 9.3890829 1.7272549 -14.7676552 -0.0647770 0.7369193 0.1246748 0.6612186
1607481905.297903 9.2816165 1.6667271 -14.8125813 -0.0653731 0.7555087 0.1300283 0.6387688
1607481905.799970 9.1799611 1.6705111 -14.7905777 -0.0505212 0.7776334 0.1317789 0.6126730
1607481906.285350 9.0277064 1.7206836 -15.0307433 -0.0421102 0.7973225 0.1414910 0.5852212
1607481906.787380 8.5209026 1.7371495 -15.3070460 -0.0612390 0.7928808 0.1255593 0.5931481
1607481907.290423 8.0167655 1.6909271 -15.4794416 -0.0638305 0.7985472 0.1140444 0.5875729
1607481907.793713 7.7825142 1.4195089 -15.3758609 -0.0564578 0.8086229 0.0994607 0.5771040
1607481908.299229 7.6133627 1.3245683 -15.1534703 -0.0510674 0.8258278 0.0986712 0.5528694
1607481908.805563 7.4551472 1.0885124 -14.9519322 -0.0548380 0.8466785 0.0785459 0.5234107
1607481909.225079 7.2915457 1.0070519 -14.8614702 -0.0460638 0.8625083 0.0667396 0.4995031
1607481909.728027 7.0008467 0.8706839 -14.8990292 -0.0415530 0.8628080 0.0564257 0.5006515
1607481910.230967 6.5215659 0.7577339 -14.8919320 -0.0449064 0.8625424 0.0392976 0.5024537
1607481910.733901 6.1705527 0.7680066 -14.8110953 -0.0457718 0.8626583 0.0452730 0.5016732
1607481911.236844 5.9633725 0.7397594 -14.7775186 -0.0405804 0.8713445 0.0447199 0.4869416
1607481911.739786 5.9707706 0.7253991 -14.7672880 -0.0344248 0.8887842 0.0486883 0.4544304
1607481912.091851 5.8767619 0.7182376 -14.7198599 -0.0289656 0.9014949 0.0531080 0.4285412
1607481912.594805 5.6725639 0.7147815 -14.6803837 -0.0278407 0.9158943 0.0579530 0.3962373
1607481913.097759 5.3427384 0.7231449 -14.5721128 -0.0277114 0.9200270 0.0644124 0.3855302
1607481913.600715 5.0294053 0.7157083 -14.4610653 -0.0257331 0.9248403 0.0648440 0.3739031
1607481913.969550 4.9229067 0.6715745 -14.5237691 -0.0287393 0.9288365 0.0564433 0.3650356
1607481914.472504 4.9775676 0.6765257 -14.5972339 -0.0255838 0.9405545 0.0612609 0.3330913
1607481914.941944 4.9352328 0.6532525 -14.4943247 -0.0134225 0.9496544 0.0559832 0.3079648
1607481915.445025 4.6448260 0.6476150 -14.5924749 -0.0112131 0.9588040 0.0569252 0.2780804
1607481915.813966 4.3098941 0.6903079 -14.7444227 -0.0140598 0.9590130 0.0677299 0.2747891
1607481916.316932 3.7424506 0.7715748 -14.9502905 -0.0136143 0.9647559 0.0755316 0.2517054
1607481916.819882 3.3870130 0.8716812 -15.0673842 -0.0165232 0.9686156 0.0759898 0.2360855
1607481917.322913 3.2462533 0.8389514 -15.1997676 -0.0031313 0.9752256 0.0710419 0.2094714
1607481917.825958 3.2744494 0.8174365 -15.3199738 0.0035720 0.9819988 0.0729337 0.1742019
1607481918.328924 3.0287639 0.9080750 -15.5419894 0.0047922 0.9862379 0.0945311 0.1355574
1607481918.831882 2.5221947 0.8297952 -15.6269810 -0.0147638 0.9914082 0.0719449 0.1082393
1607481919.334842 2.0254892 0.8842804 -15.5529946 -0.0068781 0.9925042 0.0841270 0.0883787
1607481919.837802 1.6260036 0.8549179 -15.4025555 -0.0196000 0.9923665 0.0711259 0.0988215
1607481920.340751 1.1977194 0.7897163 -15.1539012 -0.0143456 0.9945191 0.0574690 0.0861589
1607481920.843699 1.1906146 0.6315321 -15.0118308 -0.0193993 0.9969385 0.0428141 0.0624834
1607481921.346656 1.2819094 0.5893405 -14.7766596 -0.0154978 0.9979929 0.0493146 0.0365795
1607481921.849612 1.2057025 0.5620775 -14.6485815 -0.0195478 0.9985954 0.0491261 -0.0034373
1607481922.101084 1.0187710 0.5892205 -14.6280353 -0.0191237 0.9983875 0.0525590 -0.0097126
1607481922.604022 0.4497569 0.5717914 -14.4602598 -0.0194241 0.9983588 0.0536429 -0.0049949
1607481923.073434 -0.1329929 0.6042009 -14.3291623 -0.0193226 0.9976823 0.0600764 -0.0254467
1607481923.576378 -0.4966964 0.4930101 -14.1308893 -0.0222075 0.9983692 0.0458616 -0.0257379
1607481924.079322 -0.5857461 0.5403909 -14.1580187 -0.0209546 0.9966578 0.0548152 -0.0568282
1607481924.582272 -0.5850536 0.5473480 -14.1401455 -0.0136264 0.9945213 0.0490682 -0.0912904
1607481924.884041 -0.5895724 0.5362632 -14.1277302 -0.0105447 0.9912082 0.0539660 -0.1203447
1607481925.152280 -0.9117898 0.6004421 -14.0050080 -0.0175741 0.9908173 0.0643170 -0.1176250
1607481925.537874 -1.3867214 0.6933140 -13.7963330 -0.0156441 0.9897197 0.0761304 -0.1200595
1607481926.040825 -1.9039922 0.7268762 -13.5565760 -0.0161958 0.9883542 0.0706247 -0.1338125
1607481926.543782 -2.1468424 0.7375054 -13.3905905 -0.0068542 0.9870450 0.0798485 -0.1389944
1607481927.046739 -2.2347712 0.6922371 -13.4373516 0.0016062 0.9804611 0.0805202 -0.1794715
1607481927.549699 -2.2891020 0.6156783 -13.4028354 0.0128638 0.9733805 0.0724617 -0.2170580
1607481927.968832 -2.6857246 0.5940787 -13.2246694 0.0090279 0.9693429 0.0701864 -0.2353014
1607481928.438263 -3.2260150 0.5517307 -12.9144637 0.0037127 0.9648051 0.0681696 -0.2539494
1607481928.941225 -3.5670683 0.4863261 -12.4502576 0.0079166 0.9604235 0.0643372 -0.2708961
1607481929.393896 -3.7856954 0.4981896 -12.1801219 0.0036171 0.9567434 0.0616001 -0.2843141
1607481929.896864 -3.7597731 0.5918154 -11.9659109 -0.0025380 0.9587832 0.0741101 -0.2742920
1607481930.399836 -3.7725832 0.5770180 -11.9736224 -0.0032508 0.9482363 0.0703923 -0.3096487
1607481930.902808 -3.7410133 0.5787356 -11.8995757 0.0005573 0.9356257 0.0681002 -0.3463619
1607481931.087227 -3.8015715 0.5687558 -11.8249791 0.0027656 0.9286985 0.0631255 -0.3654130
1607481931.489591 -4.0312693 0.5799190 -11.6422888 -0.0032744 0.9226403 0.0768679 -0.3779094
1607481931.992547 -4.2903420 0.5383881 -11.0584855 -0.0058112 0.9276969 0.0701142 -0.3666451
1607481932.495508 -4.5607170 0.5114939 -10.4677916 -0.0037577 0.9246760 0.0684736 -0.3745285
1607481932.998480 -4.6643109 0.4645016 -10.0818303 -0.0065430 0.9195084 0.0696543 -0.3867942
1607481933.501486 -4.6528744 0.4586142 -10.0997743 -0.0001929 0.9039942 0.0660471 -0.4224125
1607481933.987723 -4.5904903 0.4776495 -10.0801243 0.0120060 0.8855991 0.0608627 -0.4602888
1607481934.457171 -4.7088793 0.4322534 -9.8526699 0.0142878 0.8791306 0.0569793 -0.4729468
1607481934.960150 -4.9034993 0.3729682 -9.2834581 0.0157850 0.8813639 0.0530793 -0.4691813
1607481935.463124 -5.1416165 0.3410220 -8.6539950 0.0084166 0.8776998 0.0560228 -0.4758505
1607481935.966097 -5.1799398 0.4154240 -8.1367099 0.0022672 0.8773456 0.0670367 -0.4751480
1607481936.469065 -5.1851162 0.3827366 -7.9045050 0.0123877 0.8753126 0.0622720 -0.4793711
1607481936.972033 -5.1623401 0.3842623 -8.0251259 -0.0110699 -0.8575577 -0.0640678 0.5102623
1607481937.475005 -5.1342813 0.3705594 -8.0227025 -0.0153755 -0.8426908 -0.0574041 0.5351081
1607481937.944443 -5.1947321 0.3420924 -7.7112216 -0.0079030 -0.8423351 -0.0542394 0.5361596
1607481938.447400 -5.3000553 0.3378944 -7.1132948 -0.0092315 -0.8325775 -0.0606853 0.5504969
1607481938.950358 -5.2151315 0.3189653 -6.6122505 -0.0139565 -0.8300333 -0.0597389 0.5543295
1607481939.453317 -4.9268954 0.2685260 -6.1826297 -0.0050136 -0.8340702 -0.0569395 0.5486891
1607481939.956275 -4.8452543 0.2570699 -5.9660357 -0.0012923 -0.8268757 -0.0536519 0.5598181
1607481940.459235 -4.8094386 0.2738742 -6.0573009 -0.0013653 -0.8093176 -0.0580972 0.5844894
1607481940.660420 -4.7537062 0.2711114 -6.0622950 0.0017139 -0.8022208 -0.0559388 0.5943986
1607481941.163378 -4.6210404 0.3166009 -6.0174552 -0.0006722 -0.7875937 -0.0599897 0.6132675
1607481941.414856 -4.6249404 0.3195765 -5.8075201 0.0004391 -0.7792485 -0.0701850 0.6227726
1607481941.783689 -4.6691345 0.3106142 -5.3882782 0.0103540 -0.7695774 -0.0710393 0.6345052
1607481942.286640 -4.7759448 0.3469781 -4.8591940 0.0001956 -0.7615261 -0.0698424 0.6443602
1607481942.789589 -4.8523890 0.3663147 -4.3734772 -0.0010211 -0.7577716 -0.0695957 0.6487970
1607481942.957241 -4.8668578 0.3725066 -4.2221921 -0.0021342 -0.7546926 -0.0714277 0.6521753
1607481943.460202 -4.9688862 0.3402351 -4.0938826 -0.0083283 -0.7381199 -0.0705775 0.6709161
1607481943.627856 -4.9974316 0.3312311 -4.1104239 -0.0119716 -0.7311878 -0.0678699 0.6786860
1607481944.130812 -5.0287837 0.3307457 -4.0934660 -0.0109807 -0.7050411 -0.0654746 0.7060521
1607481944.348757 -5.0332635 0.3205383 -4.0286203 -0.0116744 -0.6996002 -0.0621936 0.7117270
1607481944.751117 -4.8646733 0.3036525 -3.7432518 -0.0166985 -0.6996183 -0.0607637 0.7117325
1607481945.203777 -4.6384095 0.3569665 -3.1491041 -0.0205278 -0.6886316 -0.0651022 0.7218912
1607481945.706734 -4.3272563 0.4682109 -2.7006664 -0.0244564 -0.6818270 -0.0708557 0.7276629
1607481946.209709 -4.0067933 0.6690129 -2.6362838 -0.0389799 -0.6852432 -0.0802608 0.7228281
1607481946.712696 -3.9033119 0.8026656 -2.7040903 -0.0472234 -0.6669896 -0.0855962 0.7386258
1607481947.182129 -3.8129163 0.9698408 -2.7907614 -0.0577165 -0.6301340 -0.0906156 0.7690180
1607481947.685078 -3.7753046 1.0324650 -2.7970610 -0.0657844 -0.5976024 -0.0887990 0.7941401
1607481948.174101 -3.7100549 1.0086850 -2.4220608 -0.0730496 -0.5919957 -0.0926731 0.7972556
1607481948.683371 -3.4397353 0.9328363 -1.7842211 -0.0586596 -0.5981531 -0.0952234 0.7935392
1607481949.055486 -3.3372116 1.0565435 -1.3845656 -0.0709557 -0.5873078 -0.1002514 0.7999903
1607481949.557823 -3.2850912 1.1788628 -1.1652311 -0.0893562 -0.5714472 -0.1058241 0.8088664
1607481950.060122 -3.2436560 1.1798092 -1.0881400 -0.0949879 -0.5405452 -0.1029541 0.8295713
1607481950.562460 -3.0726089 1.1805280 -1.1301374 -0.0940639 -0.5061892 -0.0999199 0.8514344
1607481951.064770 -2.8521675 1.1429373 -1.0232133 -0.0963677 -0.4756917 -0.0903526 0.8696362
1607481951.567140 -2.5322604 1.0695252 -0.6254318 -0.0917135 -0.4695714 -0.0944125 0.8730278
1607481952.019289 -2.0525481 0.9844611 -0.1629025 -0.0780014 -0.4694534 -0.1002961 0.8737677
1607481952.421383 -1.6874588 0.8284451 0.1599859 -0.0659778 -0.4692142 -0.0965953 0.8753024
1607481952.923954 -1.3888849 0.6514471 0.3907732 -0.0569273 -0.4588508 -0.0876698 0.8823431
1607481953.426301 -1.2882383 0.5105538 0.3272891 -0.0538986 -0.4332283 -0.0755940 0.8964897
1607481953.928562 -1.1588031 0.3931809 0.1394529 -0.0472986 -0.4019987 -0.0633606 0.9122200
1607481954.430914 -1.0807379 0.3615452 0.1246019 -0.0468293 -0.3816420 -0.0644506 0.9208705
1607481954.916445 -0.7810265 0.3448006 0.1716379 -0.0424587 -0.3876568 -0.0595375 0.9188987
1607481955.301586 -0.3019449 0.2753202 0.3715357 -0.0372595 -0.3927413 -0.0593197 0.9169772
1607481955.803880 0.1652378 0.1975001 0.5130908 -0.0326459 -0.4081752 -0.0464779 0.9111351
1607481956.306210 0.3177904 0.1463268 0.6956153 -0.0290149 -0.3935762 -0.0454688 0.9177083
1607481956.808502 0.0671336 0.0325963 0.9195607 -0.0273121 -0.3526303 -0.0351622 0.9347029
1607481957.310828 -0.0794491 0.0439412 1.1371156 -0.0277611 -0.3112884 -0.0345925 0.9492798
1607481957.762889 0.0575399 -0.0049077 1.4949189 -0.0252659 -0.3154091 -0.0319556 0.9480810
1607481958.265205 0.4754839 -0.1315715 2.0108676 -0.0102303 -0.3237215 -0.0388754 0.9452981
1607481958.650301 0.7138963 -0.1699025 2.2834406 -0.0095341 -0.3228710 -0.0281277 0.9459769
1607481959.152597 1.0362687 -0.1472248 2.4772956 0.0001621 -0.2951975 -0.0351498 0.9547895
1607481959.654892 1.0580030 -0.2151047 2.2929365 0.0005210 -0.2710114 -0.0294638 0.9621250
